PalmPositionX,PalmPositionY,PalmPositionZ,PalmNormalX,PalmNormalY,PalmNormalZ,HandDirectionX,HandDirectionY,HandDirectionZ,ThumbX,ThumbY,ThumbZ,IndexX,IndexY,IndexZ,MiddleX,MiddleY,MiddleZ,RingX,RingY,RingZ,PinkyX,PinkyY,PinkyZ,IsLeft
285.563873,155.678940,24.732059,-0.252461,0.940971,0.225468,0.574956,0.333303,-0.747218,296.058356,196.899643,17.011582,334.433551,180.029709,-24.954284,332.131598,185.087814,-34.941451,287.588019,196.523898,10.243972,293.851471,191.188010,-18.515104,2
275.727295,145.013000,22.138077,-0.796051,0.019080,-0.604929,0.585451,0.277708,-0.761660,254.476794,181.745520,-6.129194,320.688647,173.991895,-29.133929,317.942554,160.455212,-44.931824,317.669873,147.114795,-40.629758,307.844604,127.521002,-31.613921,2
258.810272,141.208862,21.398642,-0.765860,-0.249001,-0.592838,0.524081,0.292467,-0.799876,242.056085,180.505103,-3.532607,289.492596,167.351440,-39.755114,295.906097,157.853833,-48.395180,304.060443,143.745081,-40.391241,299.686517,133.368835,-24.738893,2
-289.884399,154.475433,21.334101,0.793041,0.132407,-0.594604,-0.590345,0.407814,-0.696549,-275.106030,185.961725,-5.030709,-325.334570,185.866803,-32.410459,-323.786743,183.352924,-45.166756,-336.089746,172.772516,-35.062193,-321.683813,156.543353,-29.400508,1
235.607880,148.239273,14.892919,-0.848850,-0.175189,-0.498762,0.426207,0.331355,-0.841755,222.060211,189.258987,-4.629235,260.784613,180.220609,-46.843288,265.432513,169.071121,-57.453795,265.200238,153.694864,-54.551579,263.278754,139.541727,-40.504765,2
-271.865479,162.866791,18.686823,0.821585,-0.204823,-0.532020,-0.450229,0.339339,-0.825920,-257.696448,205.307404,-1.763213,-296.052686,195.679865,-43.153877,-302.126538,187.242511,-52.521382,-307.104639,172.707184,-47.650502,-302.765210,158.761725,-33.892439,1
214.079117,182.557327,7.405503,-0.934183,-0.111371,-0.338968,0.281495,0.353692,-0.891999,187.054495,220.148502,-10.086401,226.091104,214.862308,-57.246750,226.161197,203.536319,-68.875729,225.172977,188.857156,-66.643430,222.851419,172.851517,-53.632974,2
-231.681168,187.058701,10.117749,0.919437,-0.132453,-0.370259,-0.292405,0.399290,-0.868946,-210.201004,224.572922,-5.513950,-249.007974,224.478842,-51.152353,-250.174112,214.931223,-63.432919,-248.436050,198.818234,-62.312790,-245.743680,182.710605,-49.860599,1
166.313766,204.474548,-4.038680,-0.960416,-0.072304,-0.269022,0.218154,0.405337,-0.887756,146.199863,246.430212,-16.504779,172.411533,240.038586,-67.612558,171.265256,231.363440,-79.391580,171.913193,216.457263,-77.782333,173.199265,197.394128,-66.534921,2
-189.547607,216.253525,4.768180,0.936828,-0.053422,-0.345688,-0.275174,0.497561,-0.822625,-170.444958,261.353317,-3.283803,-205.755847,262.374240,-51.284798,-206.946436,254.293845,-64.371083,-205.700623,237.174313,-65.841652,-203.176611,215.326047,-57.506728,1
136.297928,217.507843,-7.185309,-0.986472,-0.033799,-0.160410,0.129112,0.442759,-0.887296,117.538144,263.169000,-15.029622,141.533255,258.713116,-68.606996,138.189651,250.157892,-81.232124,137.081119,232.686200,-81.209602,137.197830,211.260004,-71.368874,2
-157.581726,228.308090,2.632625,0.943239,-0.068477,-0.324978,-0.238424,0.541572,-0.806135,-141.721924,274.317795,-2.639647,-169.248218,277.187350,-52.319801,-169.294202,270.216232,-65.370503,-171.239954,252.692380,-67.598372,-170.892285,229.666147,-60.351588,1
106.912224,230.121277,-8.628135,-0.995763,-0.030566,-0.086731,0.062165,0.471259,-0.879801,87.178465,277.269055,-13.001378,109.877708,277.053235,-67.374956,104.782726,267.416248,-80.712291,102.806944,248.048999,-81.944945,103.049736,223.974658,-73.512260,2
-126.921562,238.640625,1.614639,0.962049,-0.085962,-0.258981,-0.169271,0.556410,-0.813483,-112.247777,285.084692,-1.612273,-132.159459,289.045557,-53.245657,-131.580577,281.787549,-66.625430,-134.641600,263.660449,-69.433334,-136.065904,240.251196,-62.551425,1
71.114853,238.048309,-9.847033,-0.999871,0.013363,0.008863,-0.000804,0.510260,-0.860020,54.863477,286.820526,-9.893267,69.290097,291.172650,-64.398135,61.219736,280.798187,-78.002304,60.357309,261.026703,-80.830527,60.051901,236.053412,-73.809134,2
-91.473404,246.427322,0.651794,0.980204,-0.111332,-0.163725,-0.073484,0.563298,-0.822980,-76.943582,295.924869,2.427883,-89.157010,299.755362,-52.641284,-88.609451,290.650284,-67.257831,-91.808517,270.956729,-71.179785,-94.464578,246.107230,-65.078845,1
30.785213,240.860428,-7.932489,-0.981020,0.095664,0.168665,-0.082006,0.583526,-0.807943,12.358716,292.810855,5.178874,24.371685,302.666788,-53.255858,17.145640,291.161636,-70.009019,14.452286,268.923770,-76.147667,11.859282,240.891275,-71.708598,2
-54.850967,247.477112,-1.856659,0.997980,-0.029550,-0.056233,-0.028581,0.581685,-0.812912,-39.457959,297.343518,4.862257,-54.365698,305.268030,-51.597424,-51.672675,295.151208,-67.822620,-53.142810,274.852698,-72.910785,-53.276056,247.921387,-68.266815,1
2.525785,240.543839,-1.950965,-0.935572,0.161253,0.314170,-0.165472,0.585760,-0.793413,-11.461071,287.611282,9.855547,-11.601304,301.342361,-44.385472,-17.275258,290.235159,-62.330959,-20.070063,269.691531,-67.871187,-19.642029,244.282315,-63.213643,2
-34.135956,240.804596,6.185299,0.996348,0.055198,0.065150,0.011739,0.667189,-0.744796,-15.851638,288.739825,22.836005,-35.142117,304.901031,-35.214310,-33.133752,295.041266,-54.797046,-32.755075,274.306281,-62.740388,-30.798441,246.664264,-60.616573,1
-12.567563,240.148529,-4.976354,-0.866341,0.360452,0.345728,-0.095824,0.559397,-0.823342,-31.486837,282.727850,0.207759,-31.127889,296.666522,-39.969981,-26.068373,291.260199,-66.252760,-26.278627,273.271307,-70.991829,-30.883688,249.759662,-64.229549,2
-20.099892,233.758423,-1.923611,0.919922,0.360518,0.154179,-0.104802,0.604977,-0.789316,-5.783494,281.253296,7.748686,-30.067747,290.315649,-50.798592,-29.582692,281.610059,-67.521507,-26.473259,265.081323,-71.198100,-18.808296,241.629761,-65.940379,1
-8.669867,235.631180,-1.186145,-0.866565,0.334843,0.370061,-0.160759,0.514699,-0.842164,-23.661146,275.841299,-0.145403,-29.436195,288.016055,-47.989613,-26.251628,280.352921,-66.914951,-28.270057,263.515323,-68.650443,-28.091951,242.824783,-59.607907,2
-29.392151,237.527222,3.961657,0.977815,0.201948,0.055628,-0.076604,0.591921,-0.802347,-12.488516,277.578320,2.579314,-36.257831,285.004956,-51.314035,-36.009488,283.485059,-63.236282,-37.127115,269.366260,-64.584354,-35.097070,247.196960,-57.574118,1
-3.417554,237.108948,1.396591,-0.921621,0.203296,0.330584,-0.193841,0.496824,-0.845927,-17.431186,277.243542,1.442645,-21.484500,284.025476,-53.168784,-24.457576,277.833069,-65.827774,-26.278569,261.304260,-66.631650,-22.494333,241.335168,-57.937357,2
-38.889870,238.568329,3.408127,0.977776,0.186813,0.095157,-0.038062,0.604514,-0.795684,-26.608754,281.141376,5.574431,-42.952211,289.462421,-49.940002,-41.635646,285.846283,-63.030228,-41.555351,270.703754,-65.533444,-40.465242,249.953949,-57.824045,1
20.480591,237.803055,-5.509228,-0.968446,0.027829,0.247663,-0.184492,0.588051,-0.787502,5.469915,287.192447,7.811593,5.496665,293.706436,-53.944820,0.236907,285.056534,-68.330984,-0.584032,265.478726,-73.019528,1.463200,239.152188,-68.750327,2
-60.946800,229.519302,0.997107,0.988106,0.131926,0.079002,-0.022535,0.632448,-0.774275,-52.637242,281.734988,17.189050,-68.262566,289.373856,-45.130058,-64.362505,278.938675,-63.574773,-62.284398,258.724319,-69.948308,-58.925740,232.252151,-65.924138,1
39.910816,240.160385,-7.579555,-0.986878,-0.009760,0.161171,-0.140553,0.543231,-0.827735,26.239697,292.969284,1.884317,28.417745,297.046237,-57.557775,24.370330,284.691061,-73.977800,24.081948,263.356955,-78.563695,25.106103,235.295261,-72.970482,2
-81.617043,236.095703,-5.611604,0.994186,0.106801,0.013727,-0.049059,0.562741,-0.825176,-80.988771,292.785742,8.257142,-91.350081,294.479199,-54.775885,-87.892928,281.256421,-73.443945,-86.055055,259.178882,-78.888208,-81.575826,231.311450,-73.337592,1
63.131966,239.022675,-11.686046,-0.994764,-0.028837,0.098048,-0.098082,0.538976,-0.836591,51.451396,292.864594,-3.374976,56.086674,297.347601,-61.629116,52.082359,283.541937,-79.171480,52.060948,261.604022,-83.940327,51.991795,233.211078,-78.005061,2
-107.299225,235.036377,-6.910285,0.994389,0.093029,-0.050357,-0.093524,0.550695,-0.829450,-112.247870,290.888745,5.501406,-119.383057,293.571973,-55.771236,-117.910327,279.748389,-74.665627,-116.468536,257.006226,-80.231807,-110.992175,228.669299,-74.717616,1
88.834694,240.342987,-18.639853,-0.997792,-0.062304,0.023019,-0.050946,0.495533,-0.867094,78.670174,297.227435,-10.478840,85.483516,297.648846,-70.737840,81.344154,281.851971,-88.493224,80.976576,258.393671,-92.513420,80.636324,229.510956,-85.096178,2
-135.255173,233.495605,-7.972802,0.987626,0.129190,-0.088907,-0.144647,0.531354,-0.834709,-143.637900,288.522192,3.069245,-151.406198,290.825342,-57.179417,-149.574155,276.898389,-75.892839,-147.019199,253.767212,-81.397826,-140.115439,225.286743,-75.701573,1
139.289413,235.972321,-22.282282,-0.996188,-0.053752,-0.068700,0.039080,0.429102,-0.902410,128.275876,292.804327,-19.812885,142.516525,284.673859,-81.014421,138.658517,270.092340,-96.173839,137.503061,248.412262,-97.450261,136.143039,222.594916,-87.682793,2
-186.999222,232.492783,-12.097413,0.972013,0.116508,-0.204002,-0.234857,0.460557,-0.855996,-197.055411,287.655319,-4.071909,-209.527054,282.446066,-65.515448,-208.637906,268.939133,-82.085010,-205.194424,247.589279,-85.257648,-198.205667,221.429575,-77.714990,1
164.651688,231.930237,-21.427158,-0.989553,-0.045010,-0.136960,0.106165,0.415211,-0.903509,154.343680,284.231433,-24.547407,173.086197,273.995154,-82.842413,170.727518,262.037366,-96.723476,170.182730,242.943726,-96.888795,168.611246,220.249634,-86.369659,2
-212.564178,230.013809,-9.621843,0.960565,0.148157,-0.235297,-0.277071,0.438861,-0.854771,-224.736725,285.164383,-1.525959,-239.417657,275.846976,-63.912985,-237.319196,263.623026,-79.921756,-233.374384,243.529910,-82.359641,-224.877350,219.009756,-74.524881,1
188.009216,229.568375,-19.117039,-0.981759,-0.028871,-0.187922,0.161973,0.390596,-0.906201,179.632837,279.015359,-25.733295,200.366956,266.082620,-82.196535,199.196777,255.463797,-95.299269,198.744714,238.489505,-94.421393,197.069849,218.311661,-82.942328,2
-235.588486,228.626999,-5.421733,0.943001,0.172476,-0.284606,-0.332427,0.448343,-0.829747,-247.403708,282.785092,2.721167,-266.961618,271.978403,-58.319057,-265.827097,261.717148,-73.790773,-261.400412,243.410568,-76.246370,-252.279660,220.394565,-69.027284,1
208.809586,228.850922,-18.509823,-0.971167,0.000519,-0.238401,0.223423,0.350853,-0.909387,202.215872,277.230609,-27.870953,224.394034,260.432782,-82.804370,223.941556,250.391351,-95.175488,222.703030,235.084796,-93.376787,220.770450,216.589642,-80.971936,2
-254.192047,228.929977,0.139940,0.932194,0.192701,-0.306400,-0.361724,0.465457,-0.807778,-264.839410,282.321201,8.423445,-290.019659,271.407700,-50.092880,-289.283966,262.458920,-65.717758,-284.577130,244.777548,-68.710043,-275.079474,221.777841,-62.304196,1
204.176941,229.027435,-22.562975,-0.968552,0.021218,-0.247904,0.239798,0.345332,-0.907327,196.754431,279.074847,-31.427604,218.498206,260.996405,-87.069821,217.534814,250.830048,-99.189444,215.851404,235.252777,-97.418881,213.961914,216.298785,-85.218295,2
-249.704391,231.190094,0.900281,0.919607,0.200880,-0.337595,-0.392725,0.490904,-0.777676,-257.601743,282.842877,7.423545,-287.375717,274.235016,-47.024201,-289.439731,266.361993,-61.465414,-284.783066,249.286798,-65.088718,-275.767416,226.574969,-59.325528,1
181.020065,229.282425,-25.053850,-0.979485,0.018921,-0.200625,0.193329,0.369115,-0.909053,173.065366,280.782608,-31.743271,191.984103,264.123453,-89.170468,190.122446,253.667569,-101.637686,188.667966,237.222513,-100.340018,187.260263,217.375101,-88.673965,2
-231.536942,234.654358,-2.970109,0.927268,0.185595,-0.325158,-0.374245,0.484235,-0.790858,-237.755460,285.363147,0.450318,-264.825845,277.376868,-53.974857,-266.987711,269.845691,-67.750455,-262.992593,253.376941,-70.373502,-255.030801,231.529504,-63.669339,1
144.988083,231.424896,-27.074572,-0.993789,0.008897,-0.110928,0.105870,0.382742,-0.917769,135.275290,286.794330,-29.794558,150.399521,271.346356,-90.241556,145.745566,259.061932,-103.130295,143.666013,239.931635,-102.531369,142.518930,217.347858,-91.510574,2
-197.444077,237.987473,-6.248017,0.955213,0.108348,-0.275370,-0.291746,0.500529,-0.815080,-199.796237,287.957529,-4.544971,-221.715048,282.705087,-60.452338,-223.335373,275.118173,-74.241559,-221.362717,258.420297,-76.096033,-216.236008,236.377670,-68.493408,1
111.400414,234.345749,-27.926926,-0.999167,-0.001867,-0.040762,0.036754,0.392784,-0.918896,99.722874,291.752548,-27.246674,111.373643,279.273935,-89.227853,105.396581,265.264243,-102.515158,103.268163,243.881467,-102.639609,102.503703,218.761960,-92.068649,2
-161.466080,236.880127,-6.936301,0.969017,0.059939,-0.239612,-0.233872,0.534664,-0.812058,-162.456448,287.905542,-2.199324,-178.803030,285.528711,-60.844823,-180.223843,277.219385,-75.315831,-180.096439,259.619727,-77.715727,-177.220291,236.483887,-70.598650,1
57.850056,232.138855,-20.328693,-0.991241,0.043428,0.124717,-0.089347,0.474904,-0.875490,46.926682,289.346301,-12.706869,51.554475,287.247668,-74.039749,43.566413,272.801306,-89.288687,41.663569,249.915088,-92.473929,40.429353,221.601941,-84.538805,2
-106.947144,232.415405,-3.934007,0.991059,0.047773,-0.124579,-0.129562,0.567621,-0.813031,-106.019452,283.372241,2.876172,-113.577893,285.779199,-56.556802,-114.306958,276.722485,-71.936661,-115.486237,258.278345,-75.451926,-114.990131,233.751294,-69.351688,1
24.768240,229.991058,-16.133087,-0.979190,0.042725,0.198396,-0.145002,0.536675,-0.831236,10.828468,283.331537,-6.451416,14.114498,288.417035,-65.193048,8.136751,275.111786,-81.897076,6.689100,253.350262,-86.421039,6.168280,224.836212,-80.614374,2
-76.644302,229.054245,-3.527502,0.996316,0.071596,-0.047196,-0.079378,0.561771,-0.823476,-74.024716,278.693051,1.422601,-80.285117,283.499130,-55.882600,-79.422574,273.968832,-71.501295,-80.385007,255.241147,-75.205769,-79.593265,230.547202,-69.139613,1
2.178274,228.799225,-11.900131,-0.958904,0.023565,0.282749,-0.225822,0.539940,-0.810845,-14.673552,279.770807,-0.372185,-14.855326,287.138898,-58.849271,-20.425896,273.752643,-75.840842,-21.203945,252.118219,-80.630814,-19.812477,223.885883,-75.209958,2
-59.618073,225.408920,2.419727,0.990801,0.133636,0.021326,-0.065877,0.613950,-0.786591,-54.088287,275.082712,11.839515,-66.289227,284.350656,-45.227975,-63.133057,274.927267,-62.350662,-61.911099,255.926682,-67.680765,-59.445944,230.340573,-63.434824,1
-18.583212,229.595016,-6.265362,-0.936815,0.107296,0.332965,-0.239656,0.496519,-0.834286,-32.811598,277.309872,-0.173731,-37.181697,282.117148,-57.403524,-42.210127,270.198373,-72.576828,-42.923719,250.429684,-75.382675,-40.974565,225.827731,-67.802736,2
-40.558304,225.123413,4.141766,0.977286,0.201751,0.064878,-0.076377,0.620864,-0.780189,-32.601888,272.714795,14.006013,-49.169418,283.225806,-43.514079,-45.795731,274.585254,-60.436026,-43.429910,255.990210,-65.833446,-39.284061,231.477466,-61.226578,1
-24.312065,233.362610,-4.429577,-0.906137,0.213610,0.365083,-0.211379,0.518930,-0.828269,-40.687813,273.817688,-0.578073,-48.712892,284.520935,-51.830953,-47.994157,277.297278,-68.517331,-45.959196,258.588464,-72.717294,-44.368333,237.697681,-64.023373,2
-31.248350,227.539719,-1.054953,0.922117,0.374112,0.098698,-0.159255,0.599474,-0.784390,-24.192791,271.563754,3.886598,-46.490841,278.543100,-52.857213,-44.951498,275.476254,-65.782884,-41.788952,261.070541,-68.083647,-34.916983,239.462473,-62.195610,1
-38.746075,234.130722,2.971422,0.937780,0.343998,0.047265,-0.166267,0.564368,-0.808606,-29.648145,275.721774,3.391492,-53.587264,281.085446,-51.886191,-52.643069,278.593210,-64.161240,-51.170248,264.416037,-65.406570,-44.762194,243.264926,-58.367514,1
-39.745914,236.248749,4.549497,0.932856,0.357352,0.045606,-0.164284,0.534650,-0.828951,-31.292095,278.032465,3.743109,-54.840781,281.261957,-51.936438,-53.499610,278.291522,-64.161554,-51.537824,263.997430,-65.038379,-45.350346,243.096295,-57.157135,1
-41.121166,237.895569,6.400396,0.931655,0.359114,0.055282,-0.157158,0.535457,-0.829811,-32.975542,280.288635,6.075062,-55.885043,282.887000,-50.188017,-53.806664,280.193225,-62.325761,-52.003796,265.474036,-63.471159,-46.237948,244.716504,-55.369188,1
-43.719265,238.390320,8.661004,0.924182,0.372876,0.082772,-0.152001,0.557853,-0.815902,-37.468356,282.010437,10.360951,-58.879906,284.355896,-46.991422,-55.908236,281.872351,-59.405995,-53.284313,267.319958,-61.015486,-48.018066,246.881555,-52.991902,1
-45.629642,237.328995,10.789140,0.931196,0.358063,0.068302,-0.157529,0.564269,-0.810423,-40.530640,282.092728,13.475458,-60.843116,284.814188,-43.883115,-57.804084,281.314212,-56.913467,-54.859730,266.749808,-58.765500,-49.895631,247.046353,-50.465738,1
-47.175228,233.252075,13.221683,0.932477,0.358161,0.046981,-0.180255,0.574067,-0.798721,-43.635470,278.690991,17.236933,-63.275579,282.836743,-39.695203,-60.188335,278.518066,-53.372028,-57.367007,263.338086,-55.974231,-52.288570,243.006372,-48.467587,1
-51.238323,227.407150,15.777529,0.895628,0.444802,0.000855,-0.285094,0.575522,-0.766482,-53.347634,272.825620,21.546895,-74.218929,278.589169,-33.413141,-71.153390,274.221738,-47.840430,-66.162545,259.075131,-51.726453,-58.453399,238.475021,-46.052682,1
-55.044155,225.799988,14.724839,0.819428,0.572278,-0.032181,-0.390001,0.515527,-0.762976,-61.742181,267.859534,17.069916,-84.980108,273.350769,-34.276373,-82.203881,270.235217,-47.863809,-75.020959,256.632263,-51.376804,-64.507787,237.756116,-45.778173,1
87.812851,239.868378,17.965813,-0.816790,0.215373,0.535227,-0.336155,0.576306,-0.744897,81.278293,293.680536,40.967455,71.596298,298.962714,-23.146809,62.426285,283.746185,-43.114323,56.530530,261.007928,-46.941357,52.655954,233.150092,-38.427624,2
-55.214943,223.383362,17.046528,0.747043,0.664743,-0.006641,-0.477960,0.530138,-0.700363,-67.523439,261.197791,21.042765,-90.839735,270.189075,-27.806319,-89.496913,269.296765,-40.799057,-81.199989,258.307800,-44.517213,-69.299831,240.287048,-40.583974,1
106.309860,257.186951,-9.537777,-0.903761,0.274095,0.328768,-0.213945,0.375993,-0.901586,98.349496,316.141809,-5.956665,83.660336,305.760144,-62.118091,70.414859,292.734436,-69.940739,63.642773,274.253894,-66.026599,61.926855,251.653040,-54.230431,2
-53.374718,215.827576,19.169743,0.666904,0.745017,0.013708,-0.566245,0.518662,-0.640590,-73.101628,248.834924,26.551177,-96.807072,260.001257,-21.140591,-95.803050,261.164026,-33.561178,-87.153752,250.981165,-38.335012,-72.824547,234.455261,-36.076388,1
131.883759,254.175919,-1.916655,-0.862104,0.370897,0.345271,-0.239568,0.302091,-0.922686,128.557611,313.706912,-3.816818,105.891705,298.945169,-55.366235,93.534918,286.324734,-62.900952,87.273090,268.869681,-58.279871,84.009619,247.706522,-43.232437,2
-49.395203,208.657669,17.363819,0.613636,0.789520,-0.010429,-0.646364,0.494698,-0.580937,-73.507971,238.976077,29.083131,-99.595923,251.281021,-17.097585,-98.821918,252.874380,-29.930047,-88.373895,244.877762,-35.617620,-72.955804,229.468277,-35.044787,1
152.340790,257.033691,4.219736,-0.783325,0.466262,0.411098,-0.326236,0.254577,-0.910363,167.099249,321.457397,1.140845,125.073041,301.413281,-49.677717,112.041180,285.318091,-58.407701,102.895972,267.810059,-50.056300,97.713593,247.750085,-30.007317,2
-44.118656,205.771332,13.287061,0.502651,0.862199,0.062891,-0.695776,0.446657,-0.562489,-74.138538,233.644135,31.701974,-101.429427,243.769501,-17.044133,-99.566138,245.735858,-31.173933,-85.527265,242.143866,-37.235093,-66.564545,231.234210,-37.280891,1
178.121552,260.605408,4.582355,-0.594902,0.649506,0.473533,-0.455878,0.212570,-0.864286,196.429645,320.264783,-9.503339,150.985394,300.685510,-53.692319,132.011865,285.844739,-55.396555,121.034406,273.855823,-40.732174,117.148047,259.979773,-15.615270,2
-40.862453,208.373947,12.868291,0.432923,0.895811,0.100495,-0.699715,0.404237,-0.589060,-75.215545,236.575546,33.565928,-100.134540,243.122617,-18.387493,-97.496092,245.504892,-32.548876,-81.188390,243.528500,-39.390768,-60.809417,234.787839,-38.601201,1
192.746948,262.966858,4.016954,-0.521291,0.710416,0.472826,-0.489579,0.204854,-0.847553,207.200586,322.121155,-10.575492,165.349390,300.731189,-55.541263,145.003796,288.361975,-54.325626,134.311914,278.795740,-38.139489,131.178937,266.583655,-12.440991,2
-37.671719,212.589188,12.699883,0.384055,0.908215,0.166276,-0.691602,0.402282,-0.599880,-74.414135,240.418594,34.913884,-98.238751,245.201212,-19.039272,-94.718187,249.067642,-32.841884,-76.359679,248.983340,-40.023091,-55.820028,240.471719,-39.257029,1
201.708099,262.856781,3.578068,-0.477566,0.737557,0.477430,-0.512064,0.207914,-0.833404,216.945465,322.484784,-11.029305,173.219562,298.848456,-56.180554,152.677057,288.073285,-53.632178,142.460870,280.632196,-36.148391,140.039557,269.258783,-10.048151,2
-36.368591,216.607529,12.416558,0.362150,0.906926,0.215248,-0.678695,0.414848,-0.606031,-73.549951,244.412692,34.759700,-97.318036,248.589255,-19.676082,-93.203918,253.320920,-33.284367,-73.828210,253.875876,-40.757405,-53.395459,245.007126,-40.139127,1
205.433701,261.997223,2.918814,-0.456503,0.745444,0.485715,-0.530052,0.210604,-0.821396,218.675095,321.564777,-11.223223,175.400681,296.886041,-56.345729,154.868332,287.601251,-52.411348,145.446359,281.779523,-33.664473,143.798923,269.876129,-8.374099,2
-48.007370,228.385376,11.431886,0.296505,0.920791,0.253433,-0.713362,0.389970,-0.582270,-86.106277,253.641895,35.308600,-112.701413,255.969873,-18.029228,-108.719077,261.601636,-31.962192,-89.276743,263.330591,-40.711029,-68.283939,255.425098,-41.074738,1
193.751175,255.987747,0.651066,-0.398556,0.771933,0.495251,-0.581139,0.205197,-0.787510,201.427774,313.384293,-14.482746,161.086185,290.266299,-57.587407,140.113364,283.956656,-50.015585,132.268161,279.000406,-29.932226,131.209610,265.234805,-5.991211,2
-60.746506,233.189301,10.750983,0.270308,0.928998,0.252776,-0.749703,0.367828,-0.550135,-99.621848,256.024481,36.884911,-127.593466,258.442548,-15.902613,-124.291147,264.087469,-30.255473,-105.328616,266.489911,-39.867720,-83.905722,259.755780,-41.009648,1
179.626587,253.002747,-1.369631,-0.359893,0.777120,0.516296,-0.630263,0.205523,-0.748685,182.738489,308.217761,-16.534441,144.341858,287.872449,-57.653162,123.692065,282.337073,-48.228049,116.065186,274.749207,-29.328867,115.681580,260.198499,-5.184223,2
-74.384064,233.802124,10.903343,0.224592,0.940428,0.255252,-0.775631,0.331091,-0.537379,-114.399097,253.851538,37.709157,-142.666266,255.798755,-14.815203,-139.719379,261.879517,-29.217415,-121.230573,265.348486,-38.624263,-99.532684,259.994800,-39.979939,1
165.080566,252.830872,-3.299553,-0.339168,0.766193,0.545814,-0.671821,0.208860,-0.710657,173.474927,309.677185,-21.827000,128.087152,288.161877,-58.768742,106.502289,281.447180,-47.496776,98.593195,271.021716,-29.103926,99.174994,255.917957,-3.267231,2
-88.504105,234.307724,10.604638,0.174582,0.953135,0.247093,-0.799581,0.283681,-0.529335,-128.884366,252.225998,36.686504,-157.900882,252.716306,-14.607760,-155.496378,259.220993,-28.702541,-137.741898,263.597141,-37.578520,-115.964554,259.710056,-38.893037,1
149.336197,254.160538,-6.497094,-0.332826,0.754306,0.565906,-0.704289,0.200222,-0.681093,162.958914,311.737479,-28.883910,110.413669,290.233572,-60.691454,88.320322,280.701126,-49.390358,80.035078,267.037674,-31.309050,81.824319,251.845828,-3.058045,2
-109.614441,232.190628,11.039788,0.131267,0.964023,0.231145,-0.825552,0.235388,-0.512891,-149.105212,248.477310,35.174495,-179.848401,247.620889,-13.156816,-178.483936,253.752750,-26.881474,-161.949890,258.249942,-35.452888,-140.061011,256.077139,-36.706282,1
122.084221,255.962967,-12.787720,-0.267066,0.793577,0.546728,-0.752756,0.182438,-0.632515,147.064549,309.151260,-46.635059,80.744780,293.597745,-64.866516,57.466138,279.458633,-53.439771,49.671562,265.634048,-32.390201,53.885438,251.876053,-2.987434,2
-124.958672,227.843887,10.978008,0.074960,0.966974,0.243602,-0.840308,0.192783,-0.506673,-164.233031,241.850125,33.947817,-195.949144,239.979617,-12.697419,-195.125536,246.633255,-25.828983,-179.314061,251.882132,-33.980842,-157.179527,251.474466,-34.957526,1
98.335587,251.547729,-16.312889,-0.259762,0.792748,0.551430,-0.779025,0.165414,-0.604779,126.180045,302.135132,-54.902544,53.576889,289.674219,-64.900194,31.177811,273.392017,-53.819554,25.188643,261.158032,-31.956233,31.079148,247.858728,-3.624553,2
-137.584915,222.013687,10.688647,0.036856,0.965171,0.259010,-0.848506,0.167142,-0.502097,-176.514493,235.176993,33.321134,-209.056949,232.615335,-12.180732,-208.449576,240.053250,-24.751080,-193.039786,246.265884,-32.259234,-170.585123,246.821255,-33.347985,1
78.794724,249.008255,-18.607647,-0.246294,0.792931,0.557314,-0.797998,0.160429,-0.580914,107.707645,297.919669,-59.939663,31.202496,286.659390,-64.249062,9.912350,270.566324,-52.744839,5.647039,260.083780,-31.000246,12.961102,247.822818,-3.474856,2
-153.725357,215.326691,11.351615,-0.016164,0.973618,0.227611,-0.861351,0.102042,-0.497657,-192.800015,227.370734,33.886693,-225.593326,223.098834,-10.754604,-225.705679,230.139679,-22.812993,-210.843350,236.912653,-30.025130,-188.269205,238.569940,-31.717409,1
55.849094,248.175644,-20.119802,-0.189676,0.812702,0.550943,-0.818602,0.178938,-0.545777,90.056989,294.028854,-65.274211,6.466209,285.279636,-64.175499,-14.057274,271.131882,-51.473072,-17.224437,262.189206,-29.609735,-8.370897,251.592221,-1.347359,2
-167.307480,210.550125,12.165289,-0.059283,0.976153,0.208834,-0.866470,0.053564,-0.496347,-206.798557,221.236331,34.610963,-239.006784,216.522867,-10.071723,-239.770114,223.411172,-21.271481,-225.314304,230.314273,-28.202431,-202.818442,233.130362,-29.911666,1
36.923939,248.342102,-19.845047,-0.136388,0.831757,0.538125,-0.845211,0.185640,-0.501154,69.110026,293.330579,-66.819101,-15.504821,282.416931,-62.938492,-34.454137,271.495569,-47.641913,-36.206561,264.009631,-25.707860,-25.492239,254.862781,2.424207,2
-181.971786,204.408508,13.867126,-0.102717,0.970249,0.219240,-0.875776,0.016299,-0.482443,-221.339438,213.547070,36.322089,-253.532932,210.423401,-7.141109,-255.114230,217.340747,-17.035972,-241.135947,224.051807,-23.978824,-218.962595,227.362842,-25.825977,1
13.929415,247.122559,-18.307289,-0.121053,0.836425,0.534545,-0.872559,0.167087,-0.459046,37.222269,293.766406,-64.975545,-41.910098,277.942749,-59.368111,-59.056049,268.888452,-42.971056,-59.481720,262.194971,-20.692261,-46.655066,254.373486,6.906855,2
-195.581085,199.780807,15.543542,-0.152055,0.955220,0.253838,-0.877573,-0.012332,-0.479284,-235.621515,207.131906,38.822990,-266.751398,208.315048,-3.386164,-268.982086,214.293076,-12.229591,-255.174371,221.147018,-18.973785,-233.473248,225.408188,-19.426635,1
-9.022904,243.909698,-14.280437,-0.125410,0.835078,0.535646,-0.899226,0.132411,-0.416964,6.808774,291.560284,-60.539791,-67.847818,273.171808,-51.662685,-83.076773,265.087457,-35.122979,-82.326675,257.966168,-12.824932,-67.689053,250.665985,13.598957,2
-203.745682,197.888779,18.998966,-0.133392,0.954482,0.266778,-0.887499,0.004759,-0.460784,-242.976688,206.680014,42.580051,-274.476822,210.024069,2.116637,-277.112442,215.601413,-5.884934,-263.487003,221.421957,-13.142041,-241.007437,226.608066,-11.762488,1
-24.705381,239.828033,-9.832078,-0.156508,0.815531,0.557148,-0.910367,0.099668,-0.401619,-11.989927,288.056085,-56.127945,-84.849188,269.439288,-44.378134,-99.293445,260.288483,-28.335556,-97.668127,252.802008,-5.966916,-81.430121,246.302374,19.347305,2
-206.311447,198.735077,21.660255,-0.123174,0.951802,0.280893,-0.886414,0.021745,-0.462383,-244.542734,209.073187,43.288899,-276.547031,211.720673,3.723963,-279.427646,217.763812,-3.240782,-266.058139,222.812494,-10.453703,-243.902719,226.913055,-9.955292,1
-37.299225,238.992920,-6.255736,-0.131195,0.829994,0.542123,-0.924097,0.095606,-0.370007,-27.136040,285.164795,-54.201355,-97.938605,269.941235,-38.415854,-111.926080,260.920581,-22.261657,-109.389728,254.063159,0.212431,-90.846344,249.305957,24.795889,2
-201.700439,194.731155,27.527191,0.031913,0.997430,0.064153,-0.882310,0.058269,-0.467048,-236.540588,217.341568,43.881433,-268.369897,217.903494,7.796270,-269.779761,222.943607,-0.450331,-256.159131,223.038480,-9.161700,-234.402063,221.418106,-9.457070,1
-47.158264,239.806534,-6.332608,-0.145071,0.809044,0.569563,-0.928695,0.087223,-0.360441,-36.887308,287.660379,-53.740258,-109.417480,269.558035,-35.386529,-121.380090,263.040994,-22.207439,-116.128882,259.766507,2.037402,-100.933179,250.107608,23.123278,2
-184.062759,178.506104,28.800177,0.226637,0.961172,-0.157430,-0.834110,0.108082,-0.540905,-212.284476,216.602930,36.006633,-238.050858,219.010535,3.906649,-241.729642,216.121497,-7.112424,-228.536246,209.147266,-16.985056,-208.684549,200.184106,-18.810584,1
-43.351624,245.385254,-12.709246,-0.254975,0.727942,0.636465,-0.887457,0.085182,-0.452950,-30.475655,300.555908,-51.753687,-103.714197,274.625073,-45.650473,-116.529236,266.640063,-34.335056,-112.730054,262.388794,-8.638737,-100.054980,249.679846,12.594351,2
-172.365845,156.146957,28.766573,0.413851,0.881180,-0.228583,-0.754235,0.191293,-0.628121,-193.698438,203.494101,33.342481,-215.451660,205.213828,-1.164481,-218.856909,199.110544,-14.810627,-205.563159,187.640683,-24.813428,-187.550195,172.786996,-26.792230,1
-29.970959,251.439255,-18.051237,-0.440456,0.492444,0.750664,-0.813095,0.135684,-0.566098,-28.206060,316.495786,-29.763906,-87.369131,283.675644,-53.655408,-101.387325,270.371957,-46.133620,-101.639668,258.922519,-24.653851,-89.834370,244.220163,-2.782331,2
-170.330673,124.434631,19.900444,0.779480,0.411774,-0.472073,-0.613368,0.348628,-0.708688,-166.204013,173.811902,7.815622,-193.805722,173.204773,-28.632890,-181.187045,166.857532,-37.354142,-178.568283,148.839587,-42.288673,-175.649362,126.743597,-38.976005,1
-1.874585,261.871704,-24.643572,-0.735719,0.146659,0.661218,-0.619092,0.250299,-0.744363,-18.733731,321.383203,-13.777002,-55.241837,300.901270,-57.307187,-67.046683,286.187622,-57.960818,-68.430167,267.301489,-47.459681,-59.995255,247.011816,-34.669297,2
-165.983307,95.138199,12.413908,0.802600,-0.463303,-0.375744,-0.289123,0.248828,-0.924388,-137.514240,119.963559,-14.515065,-155.891705,113.472342,-56.359869,-155.202692,101.152444,-62.268103,-165.188153,87.596323,-56.260327,-180.255609,79.151205,-43.364518,1
15.785987,303.836121,-29.340769,-0.858510,-0.469534,0.206149,-0.397554,0.355500,-0.845914,-19.445600,342.469910,-26.445531,-38.436412,329.623279,-71.364180,-43.868694,314.322278,-74.382857,-35.679311,297.538342,-74.654549,-19.548288,283.914417,-71.627882,2
27.160471,327.456085,-31.157288,-0.796795,-0.601087,-0.061745,-0.275668,0.452537,-0.848067,-9.652088,358.974152,-32.532663,-19.831265,350.229645,-80.901453,-24.228278,337.518048,-84.718768,-13.557050,323.921051,-85.666144,3.714282,314.761334,-81.508234,2
30.679283,335.821198,-31.459139,-0.784639,-0.607696,-0.122667,-0.240203,0.480409,-0.843510,-6.630194,366.452155,-33.452503,-13.778746,359.305157,-82.941315,-17.480014,348.349908,-88.132208,-6.912489,334.867950,-88.708582,10.200497,325.775275,-83.771429,2
33.577076,344.407288,-32.162621,-0.769167,-0.615075,-0.173393,-0.221338,0.510947,-0.830628,-4.901616,373.637000,-34.159224,-8.935491,369.483948,-84.499553,-11.733152,360.248083,-91.082768,-1.369188,346.571716,-91.490874,15.665130,337.222327,-86.125951,2
35.793793,353.456451,-33.800816,-0.765911,-0.605309,-0.216751,-0.203016,0.547561,-0.811764,-3.375869,381.847565,-35.361103,-4.518179,382.002106,-86.329201,-6.449202,374.438092,-94.229128,3.529842,360.521906,-94.961993,20.279340,350.163141,-89.350519,2
37.571468,362.419037,-35.747158,-0.765299,-0.591908,-0.252907,-0.185928,0.579444,-0.793521,-2.779199,390.289618,-36.793038,-0.203641,395.452191,-88.188670,-1.567690,388.439374,-97.016576,7.917491,373.936884,-98.151007,24.204203,362.256219,-92.435016,2
39.038956,372.065613,-38.080879,-0.762790,-0.580276,-0.285362,-0.173954,0.609165,-0.773730,-3.546672,399.056897,-38.480434,3.609589,410.113928,-89.646596,2.911650,403.091541,-99.575551,11.845952,387.610437,-101.300197,27.284995,374.120959,-95.475142,2
41.075436,390.932190,-42.232174,-0.735869,-0.568899,-0.367220,-0.165039,0.676658,-0.717562,-6.258512,413.137830,-43.145501,8.554790,437.492664,-89.826311,11.388881,432.650085,-102.314677,20.137435,415.856384,-106.205547,34.173507,398.915198,-101.197717,2
41.566170,404.493805,-46.201801,-0.716995,-0.556046,-0.420393,-0.159816,0.718140,-0.677299,-8.153585,423.460529,-48.125837,11.357371,456.661163,-90.347080,17.043444,453.756818,-104.080704,26.235954,436.950153,-109.768558,39.018016,417.433380,-105.906078,2
41.726089,413.012329,-48.749802,-0.708117,-0.538410,-0.456820,-0.152919,0.748550,-0.645205,-9.255214,430.283081,-51.272681,13.132014,468.785571,-90.010995,20.354890,466.998608,-104.219296,30.449263,450.997974,-111.093661,42.856616,430.264453,-108.592453,2
41.637894,420.038391,-50.879093,-0.704706,-0.518789,-0.483991,-0.148730,0.775019,-0.614187,-10.363243,436.419641,-53.243308,14.214847,478.837830,-89.110847,22.883638,478.140247,-103.628096,34.202176,463.269836,-111.377071,46.631018,441.682678,-110.443933,2
41.077236,424.609589,-52.544079,-0.699738,-0.505725,-0.504588,-0.151147,0.795123,-0.587311,-11.836419,440.276947,-54.339922,14.179013,485.611517,-88.027224,24.065264,485.889276,-102.695840,36.699752,472.132733,-110.912190,49.479610,450.035492,-111.347391,2
40.288422,429.444733,-54.357361,-0.689118,-0.497316,-0.527061,-0.153475,0.810996,-0.564562,-13.200256,444.416412,-56.134872,13.709326,492.057965,-87.542615,24.441695,493.089532,-102.200696,38.189209,480.239948,-110.548767,51.562848,457.985870,-111.958057,2
38.799995,433.550140,-56.614201,-0.676160,-0.502201,-0.539075,-0.164141,0.815982,-0.554285,-15.333590,447.459174,-58.446912,11.922820,497.043036,-88.268623,23.312607,498.592792,-102.983289,37.938573,486.443744,-111.254443,52.051469,464.162982,-113.250354,2
35.699837,438.890411,-60.670635,-0.644732,-0.526745,-0.553950,-0.183358,0.810089,-0.556898,-19.414674,450.957843,-62.963729,7.810668,502.641559,-91.518417,19.997626,504.728082,-106.186947,35.614607,493.328693,-114.078378,51.118690,471.311432,-116.193430,2
32.740997,441.811584,-63.895451,-0.620443,-0.555254,-0.553845,-0.203932,0.796141,-0.569712,-22.937085,452.449036,-66.144056,3.868654,505.065784,-95.097175,16.205280,507.233606,-109.883869,32.175922,496.199280,-117.470508,48.651852,474.629626,-119.212830,2
29.666195,444.415619,-66.926918,-0.592808,-0.599478,-0.537778,-0.230556,0.766141,-0.599893,-26.560819,453.265668,-69.087489,-0.752770,505.824188,-100.265767,11.423903,507.774042,-115.170222,27.555868,496.979608,-122.259163,44.913149,476.100824,-123.058894,2
23.281647,443.845093,-72.915192,-0.514012,-0.728111,-0.453482,-0.297898,0.647287,-0.701624,-33.508325,447.854053,-75.146442,-11.286751,496.508130,-115.232477,-0.858547,496.141846,-130.606879,15.592870,485.793726,-135.984149,34.774585,467.702441,-133.292731,2
20.514647,440.075500,-75.554916,-0.456791,-0.809166,-0.369584,-0.334976,0.541341,-0.771194,-35.431870,441.822229,-78.049265,-16.090009,484.358557,-124.581686,-6.387994,482.432190,-139.679904,10.010132,472.899280,-143.371848,29.765591,457.345081,-138.127841,2
17.833828,434.088104,-77.796516,-0.397827,-0.876487,-0.271117,-0.358917,0.420639,-0.833211,-36.502152,434.979535,-80.756837,-19.799084,467.880170,-133.234975,-10.432682,464.723822,-147.622987,5.649579,456.374969,-149.476344,25.573322,443.954242,-141.776723,2
15.780493,427.722076,-79.226311,-0.356808,-0.915738,-0.184696,-0.358840,0.316895,-0.877959,-36.981871,429.447467,-83.180809,-21.496601,451.900592,-139.222203,-12.599587,447.035748,-152.695006,2.918052,439.381866,-152.952904,22.730107,430.351227,-143.423228,2
14.437420,420.868225,-79.529236,-0.320802,-0.941594,-0.102405,-0.351071,0.218630,-0.910467,-36.873460,423.603796,-84.754254,-22.223430,434.861096,-142.568970,-13.766767,429.181775,-154.827222,1.246678,422.230408,-153.680066,20.540023,416.484509,-142.896143,2
12.800323,411.056335,-78.881790,-0.276210,-0.961071,-0.007063,-0.331726,0.102230,-0.937820,-35.696606,414.282288,-86.935013,-22.525266,412.372009,-143.696622,-14.535132,406.668835,-154.576785,-0.057310,400.959338,-151.908035,18.076756,398.882800,-140.043082,2
11.378565,404.826904,-78.556870,-0.243341,-0.967383,0.070394,-0.335258,0.015786,-0.941994,-36.000364,408.242871,-88.156668,-24.280092,396.302979,-143.502634,-17.260860,390.503149,-153.693625,-3.082407,385.882349,-150.240610,14.726227,387.085889,-138.460422,2
9.817790,397.724945,-76.945091,-0.211567,-0.963075,0.166508,-0.350309,-0.084324,-0.932831,-36.693699,400.960297,-87.029698,-26.767847,378.715546,-139.429179,-20.432691,373.069989,-149.341594,-6.256148,369.996185,-145.852092,11.345806,374.057733,-134.794157,2
8.562112,389.850311,-73.749992,-0.168382,-0.953492,0.250002,-0.366924,-0.174768,-0.913686,-37.401707,392.705170,-84.220750,-28.324788,361.896918,-132.527196,-22.294796,355.913300,-142.187450,-8.232332,354.042792,-138.786497,9.268552,360.604242,-129.077855,2
6.187576,377.757843,-67.585686,-0.122398,-0.915319,0.383679,-0.405532,-0.306717,-0.861086,-39.470941,380.337286,-76.842149,-31.570123,339.461993,-118.448936,-26.235052,332.657892,-127.659312,-12.317764,331.308942,-124.157445,4.632178,339.927887,-116.531602,2
4.879211,369.902771,-62.298492,-0.100638,-0.882327,0.459751,-0.433710,-0.376975,-0.818404,-41.064365,373.441003,-70.438623,-33.438336,326.926672,-107.532092,-28.599667,319.380725,-116.166754,-14.595209,318.057849,-112.541583,1.875093,327.450647,-106.284027,2
0.605627,356.354309,-53.947033,-0.075600,-0.853679,0.515283,-0.523202,-0.405951,-0.749309,-45.710958,365.032776,-58.844979,-41.809105,309.118176,-86.150729,-37.130424,298.908313,-88.524306,-22.148502,298.436584,-87.972738,-6.783408,308.640833,-87.520284,2
-1.016009,351.807343,-52.180794,-0.063526,-0.848126,0.525972,-0.537151,-0.415125,-0.734262,-48.836164,362.568744,-55.799266,-43.817939,302.704022,-77.521773,-37.771592,293.080389,-77.035365,-22.922275,292.891449,-78.775917,-8.417576,302.946185,-82.612270,2
-1.322898,346.245148,-41.926056,-0.004669,-0.843783,0.536664,-0.588075,-0.431743,-0.683934,-54.497478,366.456256,-38.366870,-42.977455,294.269196,-54.192773,-35.723244,287.842291,-50.619180,-21.175731,287.966754,-55.398584,-8.128584,296.721124,-60.278821,2
1.915308,351.116882,-32.717247,0.059684,-0.839500,0.540072,-0.663038,-0.437784,-0.607228,-50.952144,368.070984,-22.670401,-37.560770,299.494885,-31.309848,-30.998313,293.966882,-30.709866,-15.863937,293.827673,-35.558101,-2.199857,302.035828,-40.268535,2
1.893452,364.938446,-29.611393,-0.087005,-0.874685,0.476819,-0.795557,-0.227075,-0.561716,-47.064776,369.750531,-9.125658,-37.612344,324.099066,-12.957158,-16.435157,327.268109,-8.317862,-4.603738,325.726508,-15.145138,2.936696,327.045038,-24.085972,2
-0.647042,371.704956,-27.073008,-0.149112,-0.903151,0.402596,-0.856257,-0.085701,-0.509391,-42.981874,357.786353,-6.548282,-35.139207,333.990283,-4.863072,-8.252424,340.462109,-4.955554,2.197817,339.828052,-12.144085,6.104854,338.743237,-21.336966,2
-4.197878,369.755127,-22.081245,-0.103355,-0.875088,0.472799,-0.888078,-0.132875,-0.440069,-37.213840,341.187549,-1.281601,-24.260929,336.196899,7.828762,-2.811421,341.844434,4.502961,6.429842,341.329810,-2.740389,9.031614,339.275098,-12.184370,2
-6.855219,366.328461,-18.601807,-0.036323,-0.876683,0.479694,-0.906646,-0.172985,-0.384798,-32.487106,329.993451,4.004739,-19.908211,333.429413,12.027158,-0.596328,339.208051,8.395182,7.655671,339.396405,0.370530,8.144727,335.759613,-8.404577,2
-9.418886,364.005768,-14.318590,-0.004396,-0.901833,0.432062,-0.940751,-0.142772,-0.307577,-30.118134,322.908282,8.474131,-17.895032,330.121930,15.347037,0.711880,337.125421,9.820562,6.617154,336.022931,1.756228,5.396047,332.264362,-7.169449,2
-13.492180,360.409454,-1.216919,0.001424,-0.986029,0.166567,-0.999445,-0.006948,-0.032587,-28.723161,313.188971,25.678894,-8.409261,326.573639,16.255260,-0.320831,327.381305,10.945166,2.014432,327.738263,1.621695,-4.064296,326.569366,-7.608212,2
-16.022116,357.586151,9.687405,-0.121078,-0.992301,-0.026074,-0.954584,0.109192,0.277211,-21.797409,309.721454,52.942666,-8.248552,324.721869,16.342294,-6.338089,319.777142,11.249703,-6.575884,323.067010,1.721823,-16.176080,326.553558,-5.686102,2
-15.946364,355.431091,20.062908,-0.237512,-0.957627,-0.162905,-0.791619,0.093624,0.603800,-4.555059,302.812561,61.337991,-10.171477,323.579993,18.215488,-13.852534,314.938489,13.479151,-15.666576,319.757800,4.182387,-24.422476,326.952991,0.297134,2
-15.441524,358.465149,24.364359,-0.307973,-0.933246,-0.184947,-0.695074,0.087970,0.713536,-9.511160,306.439368,58.882118,-12.172367,328.552722,21.829004,-16.888753,320.827844,16.418332,-19.722919,327.126208,7.478787,-31.377511,331.784216,6.564074,2
-15.414004,359.606812,24.951221,-0.323096,-0.924656,-0.201547,-0.682169,0.079942,0.726811,-10.060616,309.397217,59.615525,-13.285054,329.253003,22.475529,-17.280373,323.464404,16.376493,-20.380402,330.618457,7.828733,-34.909351,333.532104,9.043248,2
-14.832680,359.830536,23.585018,-0.338315,-0.913781,-0.224829,-0.676599,0.070152,0.733002,-12.538188,311.679071,56.898937,-13.949973,328.568500,21.719787,-17.195532,325.435199,14.512255,-21.010930,332.792572,6.656918,-38.933669,334.918475,10.541216,2
-14.051154,358.211426,19.606997,-0.207079,-0.939619,-0.272460,-0.706408,-0.049064,0.706102,-11.375790,309.823950,48.070982,-12.556089,318.873462,19.731862,-16.202489,316.918091,12.522287,-19.836120,325.723267,3.638005,-37.058543,330.241943,7.051994,2
-13.429075,355.563934,11.077550,-0.109684,-0.965222,-0.237308,-0.785504,-0.062121,0.615731,-13.697640,305.093158,37.062922,-14.118315,310.943451,17.488024,-17.938037,309.107513,11.135763,-20.230789,316.988861,-0.374952,-30.786615,324.952069,-3.703673,2
-10.538888,350.620178,2.256383,-0.058144,-0.967335,-0.246741,-0.837990,-0.087038,0.538699,-13.900403,298.489661,23.624160,-12.857304,303.347375,10.393862,-19.250775,298.559680,5.609667,-21.119776,306.646521,-6.846281,-26.510988,317.671936,-13.366288,2
8.690283,333.203888,-37.736687,0.098800,-0.928403,0.358199,-0.917110,-0.224651,-0.329304,-6.751100,288.229132,-20.999928,-13.617498,284.965240,-10.863784,-21.515273,276.529254,-19.568865,-3.438781,276.277374,-26.776845,15.706488,291.588995,-31.248332,2
18.314550,321.553375,-54.636604,-0.175862,-0.814580,0.552749,-0.714896,-0.280334,-0.640575,-2.792753,283.885944,-45.500478,-32.045742,279.147467,-45.754497,-25.292538,270.982941,-42.815407,-2.317786,269.566290,-37.452794,16.935388,285.603351,-36.826637,2
24.332235,308.130219,-63.453907,-0.216173,-0.784596,0.581101,-0.585273,-0.372252,-0.720336,-0.407518,276.596503,-55.625257,-30.169490,264.675311,-73.890946,-21.306908,254.018365,-65.209342,1.970017,253.629559,-51.457758,21.786047,270.805780,-46.046003,2
27.013704,293.259674,-75.747009,-0.251805,-0.805999,0.535687,-0.501890,-0.364514,-0.784370,-15.882113,276.157379,-74.317120,-26.456966,253.262946,-104.585400,-18.248873,238.567523,-93.822101,3.446689,236.195477,-74.482733,23.511699,253.211493,-63.143796,2
33.042118,279.739136,-87.012894,-0.252068,-0.832683,0.493052,-0.435149,-0.357555,-0.826317,-13.133110,273.940674,-93.406754,-15.495321,245.790906,-131.899966,-8.717448,225.887866,-117.361746,10.517464,220.459863,-101.052109,28.824935,234.443164,-83.188528,2
41.283741,269.856506,-96.199776,-0.237610,-0.875608,0.420539,-0.373580,-0.317263,-0.871655,-1.684787,265.976941,-107.606093,-0.752076,243.478259,-152.184792,4.411649,218.550732,-137.636415,22.297977,212.122656,-124.835451,37.997468,220.052795,-108.602003,2
52.422920,252.585693,-107.774696,-0.166097,-0.937861,0.304677,-0.315916,-0.242076,-0.917386,16.374975,238.893213,-120.029036,16.595486,226.989734,-166.983907,22.975980,205.781165,-159.860713,40.564293,200.738867,-151.699312,56.180266,206.291333,-138.983553,2
58.613827,237.664169,-115.004868,-0.131927,-0.964082,0.230525,-0.298566,-0.183111,-0.936658,28.816735,215.135654,-125.815146,24.429712,214.409787,-175.847861,31.796111,194.978268,-172.172141,49.518459,190.320236,-164.635666,66.003271,195.995029,-154.187778,2
65.101128,223.646942,-121.895660,-0.111103,-0.981073,0.158592,-0.275980,-0.122845,-0.953281,39.340636,195.439801,-133.045941,31.809428,203.254706,-184.173212,40.087392,183.554523,-180.823749,57.949580,179.477045,-173.464984,75.088658,185.984344,-165.072260,2
71.113762,209.920486,-128.067032,-0.104700,-0.988504,0.109075,-0.252036,-0.079724,-0.964428,47.917824,178.378580,-140.230008,38.742074,190.500699,-190.821439,47.494096,170.089603,-186.137955,65.255663,167.339188,-179.999319,82.527391,174.268668,-172.163297,2
79.154427,188.711151,-134.962616,-0.114783,-0.989883,0.083410,-0.237893,-0.054131,-0.969782,59.205345,154.558539,-147.322858,46.717564,168.876080,-197.312177,55.878273,149.724139,-193.502753,73.400697,146.469171,-186.591547,90.577211,153.044159,-178.465594,2
86.873802,168.283203,-140.737640,-0.109278,-0.991034,0.076879,-0.225010,-0.050672,-0.973038,67.821523,134.206964,-153.869891,54.897014,145.533289,-201.696588,64.341103,128.719598,-198.730182,81.724205,125.726459,-191.713678,98.230553,131.961218,-182.596539,2
90.910675,155.383698,-144.186584,-0.102175,-0.991692,0.078149,-0.218255,-0.054298,-0.974380,72.306543,121.880005,-158.263489,58.819025,133.575311,-205.741394,68.361209,113.764355,-199.295129,85.997107,112.447528,-194.176990,102.810583,119.733002,-186.239465,2
94.615013,143.837616,-147.643143,-0.116817,-0.989054,0.090140,-0.204920,-0.064805,-0.976631,76.332622,110.854083,-162.422940,62.261382,123.925854,-210.327066,71.758519,100.093414,-198.854935,89.384288,99.149390,-194.098343,106.661259,107.952698,-189.131583,2
98.130211,133.058090,-148.626495,-0.106334,-0.989706,0.095788,-0.196866,-0.073473,-0.977674,80.814769,99.927420,-163.816119,65.902150,113.856015,-211.896832,75.975566,88.034647,-197.518829,93.471452,87.154416,-191.938165,110.857921,97.246353,-189.244379,2
101.333084,123.492485,-148.809601,-0.102049,-0.988944,0.107586,-0.192870,-0.086429,-0.977410,84.538785,90.082610,-163.693488,69.257950,105.024345,-212.595612,79.493106,77.885069,-196.456293,96.912149,76.480968,-188.969135,114.721976,87.617046,-188.121429,2
104.512321,110.316071,-149.404755,-0.069485,-0.989416,0.127391,-0.189829,-0.112253,-0.975379,87.442833,76.754724,-163.836200,73.201988,92.956647,-214.132111,84.254185,63.143185,-194.792645,101.465611,62.044592,-185.546161,119.812572,74.994214,-187.416547,2
107.615417,104.037804,-149.349442,-0.047397,-0.989303,0.137960,-0.174555,-0.127786,-0.976320,87.621179,71.297615,-164.558304,77.761194,86.104741,-214.451273,88.993256,55.693257,-193.028116,105.969586,55.272868,-183.339188,124.657690,69.373009,-186.972269,2
110.346703,98.533501,-149.006195,-0.022383,-0.988386,0.150304,-0.160706,-0.144830,-0.976319,87.178313,66.932353,-164.224738,82.008073,79.210545,-214.087738,93.338188,49.191020,-191.572882,110.256572,49.502361,-182.038263,129.163225,64.221611,-186.506891,2
112.575127,93.451309,-147.630173,0.000410,-0.986861,0.161573,-0.153784,-0.159713,-0.975111,87.062016,62.742831,-161.862827,85.399290,71.993076,-212.046762,96.559544,43.403799,-189.964487,113.582890,44.273749,-181.675168,132.412450,58.851666,-184.605453,2
